3
4
6
11
9
13
15
15
19
19
19
17
18
20
20
28
45
51
53
54
54
54
54
59
60
61
61
65
69
70
84
83
84
85
85
85
92
94
91
93
93
93
90
91
91
90
90
91
91
92
92
92
94
91
93
93
97
100
106
102
102
102
102
102
104
105
109
108
109
111
110
115
113
111
112
112
112
112
118
118
122
121
126
126
126
128
129
129
133
133
134
136
136
138
142
142
141
140
141
143
143
142
142
142
142
140
141
142
142
145
145
147
152
156
158
157
160
165
167
167
167
167
170
171
171
173
177
174
177
177
179
183
184
184
184
185
186
188
190
192
192
195
194
204
205
211
212
212
215
220
224
227
228
227
229
232
248
250
250
249
251
256
258
269
268
271
272
271
277
279
277
275
275
275
276
287
284
287
289
291
291
294
296
304
306
304
310
310
313
313
313
317
319
318
319
327
328
328
329
331
332
342
342
345
354
359
360
360
365
378
385
383
391
392
394
397
399
399
400
400
403
405
406
406
406
408
413
416
416
417
415
413
415
414
416
417
421
423
429
431
433
433
438
437
442
445
448
450
452
452
454
454
453
469
473
490
494
495
497
507
518
516
518
524
526
526
527
528
527
528
538
539
543
544
544
545
548
547
548
552
552
551
554
556
556
555
559
563
569
581
589
589
590
591
592
592
594
594
598
600
600
601
602
600
600
605
605
608
610
609
610
620
623
629
625
629
628
627
631
637
640
640
640
645
645
646
647
647
652
653
655
655
656
659
661
661
662
665
666
668
668
670
673
675
676
676
679
679
680
680
680
679
679
682
689
689
687
685
690
692
693
698
700
706
709
709
715
718
719
717
714
714
710
710
715
716
717
718
718
722
727
728
729
731
731
734
734
737
741
748
749
752
753
753
753
753
756
755
756
761
763
769
770
769
774
775
775
775
777
777
776
779
781
784
795
797
802
805
805
806
818
817
819
825
829
829
829
829
829
829
837
844
848
848
848
846
852
854
854
854
861
860
862
864
865
868
869
876
876
875
873
873
875
876
876
877
878
882
887
890
898
897
897
902
903
903
903
906
908
923
923
925
929
930
929
933
933
934
934
938
938
940
942
942
949
951
953
957
968
971
972
972
972
972
973
975
975
975
977
977
979
980
981
982
982
984
986
985
985
991
995
995
997
998
998
998
996
1009
1009
1007
1008
1011
1014
1019
1022
1022
1022
1023
1023
1025
1023
1022
1024
1026
1031
1032
1033
1033
1034
1038
1042
1045
1048
1051
1050
1051
1051
1053
1057
1057
1057
1058
1061
1061
1062
1066
1066
1067
1068
1070
1074
1074
1074
1080
1084
1084
1085
1085
1084
1090
1093
1092
1095
1098
1100
1102
1105
1108
1111
1113
1113
1116
1126
1126
1127
1132
1134
1147
1147
1146
1144
1146
1148
1148
1148
1151
1155
1156
1164
1164
1165
1167
1168
1168
1176
1179
1179
1180
1179
1179
1178
1179
1179
1182
1181
1182
1182
1180
1181
1181
1190
1192
1192
1192
1192
1193
1194
1198
1201
1201
1201
1206
1207
1208
1218
1218
1218
1221
1222
1220
1219
1218
1218
1219
1219
1218
1218
1218
1217
1218
1218
1218
1219
1218
1222
1223
1223
1225
1228
1237
1240
1240
1246
1246
1246
1246
1248
1247
1249
1250
1260
1259
1258
1262
1260
1261
1262
1262
1262
1263
1263
1267
1267
1272
1274
1275
1277
1279
1282
1284
1281
1281
1282
1286
1288
1293
1293
1295
1296
1296
1298
1298
1303
1303
1303
1305
1308
1319
1324
1324
1324
1324
1325
1326
1328
1329
1329
1332
1333
1333
1334
1334
1335
1336
1336
1337
1342
1342
1342
1342
1346
1352
1345
1347
1347
1352
1352
1352
1354
1357
1356
1357
1357
1362
1366
1368
1368
1370
1370
1374
1373
1373
1382
1390
1393
1391
1392
1391
1400
1403
1403
1404
1402
1402
1403
1402
1403
1406
1409
1411
1409
1409
1413
1414
1414
1413
1414
1415
1414
1414
1416
1415
1417
1424
1425
1425
1426
1436
1436
1436
1442
1443
1443
1443
1443
1447
1450
1451
1451
1451
1452
1452
1451
1455
1457
1457
1457
1457
1462
1463
1463
1464
1465
1467
1467
1468
1473
1471
1471
1469
1467
1469
1470
1474
1473
1474
1476
1475
1476
1477
1477
1478
1480
1481
1485
1485
1489
1492
1495
1495
1495
1499
1502
1503
1502
1502
1503
1506
1506
1507
1508
1508
1509
1510
1510
1517
1519
1520
1520
1520
1524
1538
1541
1542
1542
1543
1543
1546
1547
1551
1552
1552
1551
1553
1553
1555
1563
1564
1564
1565
1566
1565
1566
1569
1571
1571
1572
1576
1574
1577
1579
1579
1579
1580
1583
1584
1586
1586
1586
1588
1588
1587
1593
1588
1588
1590
1596
1596
1601
1608
1613
1616
1615
1615
1623
1623
1625
1629
1626
1626
1629
1630
1630
1630
1633
1631
1629
1625
1624
1624
1627
1627
1628
1635
1636
1637
1639
1639
1639
1642
1640
1644
1647
1650
1652
1653
1651
1656
1656
1655
1655
1654
1654
1654
1655
1652
1659
1661
1663
1671
1671
1675
1682
1683
1684
1685
1685
1689
1691
1693
1694
1694
1703
1709
1708
1708
1708
1711
1715
1719
1720
1720
1720
1724
1727
1728
1730
1730
1730
1732
1731
1731
1739
1738
1739
1737
1740
1741
1747
1744
1745
1745
1746
1744
1747
1746
1745
1746
1746
1754
1753
1758
1761
1763
1771
1771
1771
1773
1774
1777
1789
1793
1792
1792
1793
1795
1795
1796
1799
1799
1801
1803
1807
1811
1809
1809
1809
1806
1809
1809
1808
1809
1809
1811
1810
1813
1817
1817
1820
1826
1826
1826
1825
1825
1823
1827
1829
1829
1829
1829
1838
1838
1843
1842
1838
1838
1835
1835
1836
1839
1840
1838
1840
1840
1841
1844
1843
1843
1845
1845
1845
1845
1844
1846
1848
1848
1847
1845
1843
1843
1843
1843
1843
1842
1844
1844
1844
1847
1849
1848
1849
1849
1846
1847
1847
1849
1849
1851
1851
1852
1851
1852
1857
1855
1864
1865
1867
1868
1868
1866
1870
1869
1875
1877
1878
1880
1879
1882
1888
1891
1892
1892
1892
1893
1894
1895
1896
1896
1898
1897
1899
1899
1905
1905
1908
1907
1907
1908
1912
1912
1914
1913
1913
1914
1918
1920
1917
1917
1919
1923
1923
1922
1923
1922
1923
1923
1923
1924
1925
1925
1926
1927
1927
1928
1928
1928
1928
1927
1929
1930
1941
1941
1941
1940
1940
1942
1941
1941
1948
1949
1950
1950
1949
1955
1955
1955
1956
1956
1955
1956
1957
1957
1954
1956
1957
1957
1960
1961
1962
1961
1961
1961
1963
1966
1968
1971
1970
1969
1972
1970
1970
1966
1968
1971
1970
1977
1977
1978
1981
1984
1983
1983
1985
1992
1995
1995
1998
1998
1997
1997
1995
1995
1994
2004
2006
2006
2005
2005
2005
2005
2007
2006
2006
2008
2008
2019
2019
2020
2020
2021
2021
2020
2022
2025
2024
2025
2025
2023
2024
2024
2024
2024
2025
2025
2028
2028
2027
2027
2026
2030
2026
2030
2030
2030
2035
2033
2034
2032
2032
2032
2032
2031
2033
2033
2032
2032
2034
2038
2035
2036
2038
2039
2041
2041
2042
2043
2042
2041
2041
2041
2043
2043
2044
2044
2045
2045
2044
2042
2041
2041
2042
2045
2045
2049
2052
2052
2051
2058
2057
2057
2058
2059
2067
2066
2068
2070
2076
2079
2081
2082
2085
2085
2089
2088
2090
2083
2089
2089
2089
2099
2098
2098
2098
2099
2101
2101
2103
2105
2103
2106
2107
2108
2105
2105
2105
2105
2108
2111
2113
2115
2115
2123
2124
2126
2127
2126
2126
2127
2130
2130
2130
2133
2132
2133
2137
2136
2134
2139
2138
2137
2138
2138
2139
2139
2141
2149
2149
2151
2150
2149
2151
2151
2151
2151
2152
2156
2156
2154
2161
2162
2162
2162
2164
2165
2165
2162
2164
2168
2172
2175
2176
2176
2175
2176
2174
2174
2174
2175
2178
2181
2181
2182
2182
2187
2186
2185
2185
2183
2183
2184
2186
2184
2184
2184
2185
2192
2192
2201
2199
2199
2199
2196
2197
2195
2195
2194
2194
2197
2197
2198
2197
2197
2198
2199
2204
2206
2206
2205
2203
2203
2203
2206
2206
2208
2207
2207
2207
2208
2207
2208
2212
2211
2212
2213
2219
2222
2224
2224
2224
2223
2224
2224
2227
2228
2228
2231
2230
2230
2229
2229
2233
2233
2233
2235
2238
2237
2239
2239
2239
2235
2237
2239
2239
2238
2237
2237
2238
2239
2239
2242
2241
2245
2248
2249
2253
2253
2254
2250
2251
2251
2253
2255
2258
2257
2258
2264
2265
2264
2266
2269
2270
2265
2265
2265
2268
2268
2268
2270
2271
2274
2274
2275
2275
2275
2279
2280
2283
2282
2281
2280
2279
2279
2279
2276
2274
2272
2277
2277
2276
2277
2281
2281
2283
2283
2283
2283
2284
2288
2285
2284
2287
2289
2287
2287
2287
2285
2286
2286
2286
2288
2288
2287
2287
2287
2287
2289
2290
2296
2299
2300
2302
2304
2304
2304
2306
2306
2308
2308
2309
2311
2312
2316
2327
2331
2326
2326
2326
2325
2326
2324
2329
2332
2334
2335
2335
2337
2338
2338
2339
2343
2341
2340
2338
2340
2344
2347
2353
2354
2354
2354
2353
2356
2356
2357
2359
2360
2362
2363
2368
2376
2374
2372
2371
2371
2371
2373
2379
2377
2380
2381
2382
2384
2385
2386
2387
2387
2393
2395
2395
2394
2396
2397
2396
2395
2399
2401
2402
2403
2407
2408
2408
2407
2405
2407
2408
2410
2412
2412
2412
2408
2409
2412
2412
2412
2410
2411
2413
2413
2414
2417
2420
2423
2423
2426
2426
2426
2430
2430
2430
2430
2431
2431
2432
2430
2433
2430
2433
2432
2438
2434
2435
2435
2437
2437
2439
2439
2438
2438
2438
2441
2442
2443
2442
2442
2442
2443
2442
2442
2442
2439
2440
2439
2443
2444
2444
2445
2445
2447
2446
2445
2445
2445
2444
2444
2443
2442
2442
2443
2442
2443
2443
2444
2447
2447
2446
2445
2446
2445
2445
2445
2447
2450
2450
2453
2456
2456
2455
2455
2459
2462
2472
2477
2476
2476
2476
2477
2477
2478
2478
2480
2479
2479
2479
2478
2478
2477
2478
2478
2480
2481
2481
2478
2477
2477
2478
2477
2477
2477
2475
2482
2483
2486
2487
2487
2486
2489
2499
2499
2500
2501
2502
2502
2502
2501
2506
2505
2505
2506
2508
2508
2508
2509
2510
2510
2511
2511
2511
2514
2515
2517
2515
2515
2514
2524
2525
2524
2524
2524
2523
2522
2522
2522
2524
2525
2525
2525
2522
2524
2526
2526
2535
2537
2537
2534
2534
2534
2534
2534
2535
2536
2541
2538
2538
2538
2538
2539
2538
2537
2537
2540
2543
2543
2543
2543
2544
2544
2547
2547
2547
2547
2547
2549
2553
2554
2555
2556
2559
2562
2562
2562
2561
2561
2561
2562
2562
2563
2565
2565
2566
2566
2566
2566
2566
2564
2563
2565
2566
2565
2564
2565
2565
2567
2565
2565
2565
2564
2565
2565
2564
2565
2568
2568
2569
2571
2571
2573
2574
2574
2575
2576
2577
2579
2578
2579
2579
2580
2580
2579
2579
2579
2580
2580
2580
2581
2585
2585
2585
2585
2584
2584
2584
2585
2585
2588
2591
2595
2597
2598
2600
2598
2602
2602
2604
2605
2605
2607
2607
2607
2607
2607
2608
2608
2612
2612
2611
2613
2614
2614
2614
2615
2616
2616
2617
2618
2618
2621
2623
2623
2622
2621
2622
2622
2621
2623
2630
2627
2629
2628
2627
2631
2638
2639
2640
2642
2643
2645
2645
2644
2645
2645
2646
2646
2643
2646
2646
2648
2647
2647
2644
2645
2646
2646
2646
2648
2647
2647
2647
2647
2649
2653
2652
2652
2650
2647
2646
2649
2653
2653
2651
2649
2649
2650
2650
2649
2648
2646
2646
2646
2646
2646
2646
2649
2649
2648
2648
2648
2648
2649
2649
2648
2648
2651
2651
2651
2651
2651
2651
2652
2652
2652
2651
2651
2652
2652
2656
2655
2654
2655
2655
2655
2658
2658
2659
2661
2663
2663
2665
2664
2661
2663
2664
2666
2667
2664
2664
2663
2662
2663
2662
2661
2662
2668
2667
2668
2672
2672
2671
2672
2671
2672
2675
2675
2675
2674
2678
2678
2683
2685
2684
2686
2685
2685
2686
2684
2685
2685
2687
2688
2685
2685
2685
2685
2687
2683
2681
2681
2678
2680
2681
2680
2683
2685
2685
2687
2685
2685
2687
2685
2686
2688
2695
2696
2700
2700
2705
2704
2704
2705
2707
2706
2707
2707
2703
2703
2704
2700
2701
2703
2704
2704
2704
2703
2701
2700
2702
2700
2700
2699
2698
2698
2697
2700
2702
2704
2704
2704
2707
2712
2712
2712
2712
2709
2709
2709
2709
2712
2715
2713
2714
2713
2713
2714
2717
2717
2716
2715
2715
2717
2718
2720
2720
2721
2719
2719
2719
2721
2721
2724
2724
2725
2725
2724
2729
2728
2729
2730
2731
2731
2733
2733
2732
2732
2735
2733
2735
2736
2737
2737
2737
2737
2736
2736
2738
2739
2738
2739
2738
2738
2739
2739
2738
2740
2740
2738
2736
2739
2738
2737
2737
2738
2738
2737
2737
2738
2743
2744
2747
2747
2749
2748
2749
2748
2747
2747
2748
2749
2749
2754
2754
2754
2753
2753
2754
2755
2757
2757
2756
2756
2758
2757
2756
2759
2759
2759
2759
2771
2776
2778
2778
2779
2779
2779
2781
2780
2781
2781
2782
2778
2780
2780
2779
2780
2782
2785
2789
2789
2785
2785
2785
2787
2791
2792
2792
2792
2793
2794
2794
2794
2796
2796
2794
2796
2796
2794
2791
2791
2796
2796
2797
2798
2798
2796
2798
2798
2792
2792
2790
2790
2790
2786
2786
2787
2787
2786
2786
2786
2785
2782
2782
2782
2781
2782
2782
2782
2782
2787
2788
2791
2791
2793
2792
2794
2795
2795
2791
2789
2788
2789
2792
2795
2795
2797
2798
2797
2799
2799
2804
2803
2803
2804
2804
2803
2800
2800
2799
2800
2800
2799
2798
2802
2803
2805
2806
2803
2807
2807
2808
2811
2812
2813
2815
2815
2815
2814
2812
2812
2813
2812
2810
2812
2813
2810
2811
2812
2816
2814
2812
2812
2812
2815
2818
2819
2820
2819
2819
2819
2820
2820
2821
2826
2826
2826
2825
2826
2827
2826
2824
2824
2824
2821
2821
2828
2828
2830
2829
2832
2834
2832
2832
2832
2834
2833
2833
2834
2834
2833
2832
2832
2832
2832
2833
2832
2829
2829
2832
2833
2833
2833
2832
2832
2831
2831
2828
2829
2824
2824
2825
2824
2825
2825
2826
2825
2826
2824
2826
2826
2827
2829
2828
2829
2829
2830
2830
2835
2835
2836
2836
2835
2838
2836
2836
2835
2837
2838
2838
2838
2840
2840
2840
2839
2839
2839
2840
2844
2845
2845
2845
2845
2854
2853
2852
2852
2852
2853
2853
2855
2853
2853
2854
2855
2855
2849
2851
2851
2849
2847
2850
2850
2852
2852
2855
2856
2852
2852
2853
2854
2852
2853
2853
2857
2858
2858
2860
2860
2861
2860
2860
2860
2861
2861
2862
2861
2862
2863
2863
2863
2865
2866
2865
2869
2869
2869
2869
2869
2872
2870
2871
2872
2867
2866
2865
2867
2870
2870
2870
2870
2872
2872
2873
2874
2873
2873
2874
2875
2875
2878
2881
2880
2881
2881
2883
2884
2884
2884
2886
2888
2890
2890
2890
2890
2892
2894
2893
2891
2890
2887
2887
2887
2887
2889
2889
2889
2890
2890
2887
2889
2893
2893
2891
2891
2891
2893
2897
2898
2899
2896
2896
2896
2897
2896
2894
2895
2892
2892
2892
2892
2892
2892
2891
2892
2892
2891
2891
2892
2893
2894
2894
2894
2895
2896
2897
2898
2899
2902
2902
2904
2900
2900
2899
2898
2895
2893
2894
2895
2895
2896
2895
2895
2895
2895
2895
2895
2897
2899
2902
2902
2901
2901
2900
2899
2898
2898
2901
2901
2901
2899
2899
2900
2900
2901
2901
2899
2899
2900
2902
2902
2902
2903
2904
2904
2908
2910
2910
2910
2910
2912
2912
2912
2913
2912
2912
2910
2914
2917
2916
2915
2915
2916
2916
2917
2919
2919
2920
2920
2921
2920
2921
2921
2924
2922
2921
2923
2923
2923
2928
2928
2928
2929
2929
2929
2930
2930
2930
2933
2933
2932
2932
2932
2931
2932
2933
2933
2932
2935
2935
2937
2936
2937
2937
2937
2937
2937
2938
2938
2937
2937
2937
2938
2943
2942
2942
2944
2950
2952
2949
2950
2950
2953
2954
2954
2953
2953
2952
2953
2952
2951
2950
2950
2950
2949
2949
2947
2946
2947
2947
2948
2952
2951
2951
2952
2951
2948
2947
2949
2950
2951
2949
2950
2961
2961
2961
2963
2962
2964
2965
2964
2963
2963
2963
2964
2965
2965
2968
2968
2975
2973
2973
2972
2971
2973
2973
2975
2976
2979
2978
2977
2977
2979
2979
2980
2981
2988
2988
2985
2986
2988
2989
2988
2988
2989
2989
2991
2990
2989
2987
2987
2985
2984
2984
2983
2983
2986
2986
2987
2988
2988
2990
2989
2989
2987
2985
2985
2992
2992
2992
2991
2987
2989
2992
2993
2994
2995
2995
2995
2995
2993
2992
2995
2997
2999
3000
3002
3004
3002
3002
3000
3000
2997
3002
3001
3001
3003
3002
3006
3007
3011
3011
3012
3013
3014
3013
3011
3011
3010
3009
3010
3008
3009
3008
3007
3007
3007
3003
3003
3003
3003
3003
3004
3005
3005
3006
3006
3008
3008
3007
3006
3005
3008
3006
3007
3008
3010
3009
3009
3012
3013
3013
3014
3017
3017
3017
3015
3015
3015
3015
3015
3015
3015
3015
3015
3016
3016
3022
3022
3032
3032
3032
3030
3028
3027
3027
3027
3030
3030
3030
3030
3033
3033
3032
3032
3035
3036
3036
3036
3038
3039
3040
3039
3038
3035
3035
3035
3033
3033
3032
3032
3031
3031
3035
3035
3036
3038
3039
3040
3039
3040
3039
3041
3042
3042
3042
3038
3035
3033
3034
3036
3036
3034
3035
3037
3037
3037
3038
3037
3039
3039
3041
3042
3044
3043
3043
3044
3048
3046
3046
3046
3046
3046
3046
3050
3050
3048
3049
3049
3047
3047
3045
3045
3045
3046
3045
3045
3047
3047
3047
3047
3048
3054
3053
3053
3053
3053
3055
3055
3055
3056
3055
3056
3055
3056
3058
3057
3058
3058
3060
3063
3066
3067
3067
3064
3069
3064
3064
3067
3071
3071
3071
3072
3073
3073
3073
3077
3077
3076
3076
3076
3076
3075
3075
3075
3076
3077
3078
3077
3076
3076
3076
3075
3075
3075
3075
3076
3076
3077
3079
3080
3080
3081
3079
3080
3079
3078
3077
3077
3077
3077
3077
3077
3076
3074
3074
3071
3065
3071
3069
3069
3069
3069
3072
3072
3072
3072
3070
3070
3071
3072
3071
3072
3072
3071
3076
3078
3078
3077
3076
3075
3075
3075
3075
3076
3076
3077
3069
3069
3067
3067
3065
3068
3067
3068
3067
3067
3067
3069
3068
3069
3070
3072
3073
3077
3078
3077
3078
3082
3085
3083
3083
3084
3086
3088
3091
3092
3093
3092
3092
3094
3092
3095
3095
3091
3090
3089
3088
3088
3086
3083
3080
3080
3080
3077
3077
3078
3078
3078
3079
3077
3076
3076
3076
3074
3074
3075
3075
3072
3073
3072
3072
3072
3072
3071
3076
3075
3075
3075
3076
3076
3076
3078
3078
3079
3077
3077
3077
3076
3077
3076
3075
3075
3074
3076
3078
3075
3071
3071
3070
3071
3071
3072
3074
3075
3075
3075
3077
3076
3075
3075
3075
3076
3077
3078
3078
3077
3077
3077
3078
3080
3083
3082
3084
3087
3089
3089
3088
3087
3083
3083
3083
3084
3087
3085
3085
3091
3092
3092
3092
3091
3091
3091
3096
3097
3095
3095
3095
3095
3095
3096
3100
3101
3101
3100
3099
3105
3105
3103
3099
3102
3096
3099
3099
3099
3098
3105
3107
3103
3100
3099
3103
3102
3103
3105
3105
3107
3107
3107
3105
3105
3103
3105
3106
3103
3104
3103
3103
3102
3103
3102
3107
3108
3107
3108
3109
3112
3112
3111
3110
3110
3109
3108
3111
3111
3113
3113
3112
3115
3117
3117
3117
3117
3116
3118
3116
3116
3116
3115
3115
3115
3115
3115
3112
3112
3112
3114
3114
3114
3117
3119
3119
3119
3120
3124
3122
3121
3121
3123
3124
3124
3124
3123
3123
3120
3119
3118
3119
3125
3123
3127
3130
3125
3124
3123
3122
3121
3121
3122
3122
3122
3121
3121
3127
3127
3125
3122
3127
3127
3126
3126
3123
3121
3119
3116
3114
3116
3116
3115
3116
3116
3115
3115
3115
3121
3123
3122
3123
3124
3123
3126
3129
3130
3130
3133
3133
3133
3133
3133
3133
3132
3131
3130
3130
3131
3130
3129
3134
3133
3132
3132
3131
3131
3130
3130
3133
3133
3133
3135
3139
3140
3138
3140
3140
3140
3140
3139
3139
3139
3139
3139
3139
3141
3140
3139
3143
3143
3142
3142
3142
3140
3141
3141
3141
3142
3141
3139
3138
3138
3138
3138
3138
3138
3138
3139
3140
3141
3143
3144
3144
3143
3145
3148
3149
3148
3149
3149
3149
3150
3149
3149
3150
3149
3149
3148
3147
3148
3148
3147
3146
3148
3148
3148
3148
3148
3151
3154
3155
3156
3158
3157
3157
3156
3156
3154
3154
3158
3156
3156
3157
3157
3158
3157
3157
3156
3158
3158
3159
3157
3157
3157
3158
3157
3156
3155
3155
3154
3154
3155
3154
3152
3154
3153
3154
3154
3153
3155
3155
3155
3157
3156
3157
3157
3157
3157
3156
3157
3157
3157
3159
3159
3160
3161
3162
3161
3160
3160
3161
3160
3161
3160
3160
3160
3161
3162
3163
3165
3165
3166
3167
3170
3173
3171
3169
3169
3168
3169
3168
3169
3172
3172
3173
3174
3175
3177
3178
3180
3181
3186
3187
3187
3187
3186
3185
3185
3186
3188
3188
3190
3190
3190
3191
3190
3188
3189
3190
3194
3190
3190
3189
3194
3193
3193
3193
3193
3195
3191
3191
3193
3196
3196
3198
3199
3201
3205
3209
3211
3208
3207
3207
3216
3218
3218
3218
3218
3219
3219
3219
3219
3218
3220
3221
3221
3220
3219
3219
3219
3220
3223
3223
3223
3221
3221
3221
3220
3220
3220
3221
3226
3228
3226
3226
3223
3224
3221
3221
3221
3224
3224
3224
3225
3227
3227
3227
3227
3226
3226
3224
3227
3228
3227
3227
3234
3234
3234
3236
3236
3236
3235
3235
3235
3234
3235
3235
3234
3234
3237
3239
3240
3241
3242
3240
3239
3239
3238
3237
3237
3236
3238
3238
3236
3234
3235
3235
3234
3234
3234
3234
3235
3235
3235
3233
3234
3234
3236
3236
3240
3243
3243
3243
3243
3242
3241
3241
3241
3240
3237
3246
3246
3246
3246
3248
3248
3249
3248
3245
3246
3246
3245
3245
3246
3247
3246
3246
3246
3252
3253
3252
3252
3253
3254
3252
3252
3249
3250
3250
3250
3249
3250
3253
3251
3250
3250
3249
3249
3249
3250
3249
3249
3249
3250
3249
3249
3247
3246
3246
3246
3246
3246
3247
3245
3245
3246
3245
3245
3246
3246
3246
3246
3247
3248
3246
3245
3247
3248
3247
3249
3250
3250
3248
3248
3247
3247
3247
3248
3248
3248
3250
3250
3250
3251
3251
3251
3251
3254
3255
3255
3257
3257
3257
3260
3260
3262
3260
3260
3259
3259
3259
3260
3261
3262
3262
3268
3269
3269
3268
3268
3269
3268
3268
3268
3268
3267
3269
3265
3264
3262
3261
3258
3258
3258
3257
3257
3256
3257
3260
3258
3257
3257
3254
3256
3256
3254
3254
3254
3253
3253
3253
3251
3252
3248
3248
3248
3249
3249
3249
3251
3251
3252
3251
3251
3248
3249
3250
3250
3251
3251
3251
3251
3254
3255
3255
3255
3255
3257
3257
3257
3253
3252
3251
3250
3250
3255
3253
3253
3254
3254
3254
3254
3256
3253
3253
3252
3255
3256
3258
3257
3256
3257
3257
3257
3259
3260
3260
3259
3260
3260
3257
3259
3260
3258
3258
3257
3257
3257
3257
3255
3257
3256
3256
3256
3255
3260
3262
3262
3262
3262
3264
3265
3264
3264
3261
3260
3260
3260
3260
3261
3261
3261
3262
3260
3261
3259
3259
3260
3259
3260
3260
3260
3260
3260
3257
3259
3262
3261
3261
3263
3260
3262
3262
3261
3263
3263
3266
3267
3264
3263
3261
3263
3262
3263
3262
3262
3259
3259
3257
3254
3255
3257
3259
3257
3256
3257
3256
3256
3256
3256
3256
3256
3257
3259
3260
3262
3262
3261
3261
3263
3261
3261
3259
3258
3259
3265
3265
3265
3265
3267
3267
3266
3265
3263
3264
3264
3263
3261
3261
3263
3265
3263
3263
3262
3262
3260
3260
3260
3260
3260
3262
3262
3262
3260
3259
3260
3262
3264
3264
3264
3263
3254
3255
3255
3254
3254
3257
3257
3257
3253
3256
3254
3256
3256
3259
3256
3255
3256
3256
3255
3255
3255
3253
3253
3260
3252
3251
3250
3250
3249
3248
3250
3250
3250
3249
3250
3250
3249
3249
3251
3250
3251
3253
3253
3249
3250
3254
3253
3254
3254
3253
3252
3251
3249
3248
3248
3247
3246
3247
3250
3252
3251
3251
3253
3254
3253
3253
3252
3252
3253
3252
3251
3249
3249
3250
3250
3250
3248
3248
3248
3248
3248
3249
3247
3247
3247
3248
3246
3245
3246
3246
3246
3244
3243
3243
3242
3244
3244
3243
3244
3247
3246
3245
3248
3246
3244
3242
3239
3239
3239
3239
3240
3240
3240
3240
3240
3240
3240
3241
3240
3240
3237
3237
3238
3237
3239
3239
3241
3241
3239
3239
3238
3232
3233
3232
3231
3231
3232
3232
3234
3234
3234
3235
3235
3236
3236
3239
3239
3239
3238
3238
3235
3235
3235
3234
3234
3234
3237
3236
3238
3238
3239
3238
3239
3242
3246
3244
3245
3244
3242
3242
3246
3246
3249
3249
3251
3251
3252
3254
3254
3252
3253
3253
3252
3251
3252
3253
3254
3257
3251
3251
3250
3250
3249
3249
3249
3249
3249
3251
3253
3255
3256
3256
3256
3254
3253
3252
3252
3253
3255
3254
3251
3251
3250
3251
3253
3253
3253
3249
3250
3251
3252
3254
3254
3254
3255
3258
3259
3254
3256
3259
3259
3260
3261
3261
3259
3259
3259
3260
3258
3259
3254
3254
3252
3248
3248
3248
3248
3247
3244
3244
3242
3246
3246
3245
3248
3246
3246
3250
3248
3248
3247
3249
3248
3249
3249
3250
3246
3246
3246
3247
3244
3244
3247
3247
3246
3246
3246
3247
3246
3251
3252
3256
3253
3253
3253
3252
3251
3252
3252
3252
3254
3253
3250
3250
3250
3250
3251
3251
3251
3250
3250
3249
3249
3250
3249
3247
3248
3252
3255
3257
3256
3256
3253
3253
3253
3253
3255
3254
3254
3255
3259
3259
3259
3261
3261
3261
3261
3260
3258
3257
3258
3259
3258
3260
3257
3257
3256
3256
3261
3261
3261
3262
3256
3258
3257
3257
3257
3257
3262
3261
3260
3259
3262
3262
3266
3266
3264
3264
3266
3266
3267
3268
3268
3271
3271
3271
3271
3271
3269
3269
3275
3275
3275
3274
3274
3273
3273
3274
3275
3273
3272
3273
3274
3271
3269
3267
3265
3263
3263
3261
3263
3261
3261
3264
3264
3263
3263
3264
3264
3264
3264
3265
3264
3264
3265
3266
3266
3266
3265
3266
3267
3267
3266
3265
3265
3265
3271
3271
3271
3271
3269
3270
3271
3272
3270
3274
3276
3277
3277
3276
3279
3280
3280
3280
3279
3279
3281
3280
3283
3282
3283
3288
3288
3289
3289
3291
3292
3292
3294
3296
3296
3297
3296
3295
3297
3297
3296
3296
3296
3295
3295
3296
3297
3297
3298
3294
3294
3293
3293
3292
3290
3289
3290
3290
3290
3290
3289
3289
3287
3285
3285
3280
3281
3282
3282
3282
3280
3280
3280
3282
3282
3285
3288
3288
3288
3289
3288
3286
3288
3284
3283
3284
3281
3281
3281
3281
3280
3280
3280
3277
3278
3277
3277
3277
3273
3274
3273
3274
3274
3277
3276
3276
3276
3276
3273
3274
3275
3276
3277
3285
3285
3285
3284
3284
3279
3279
3281
3283
3282
3282
3282
3282
3281
3280
3279
3279
3279
3277
3278
3280
3280
3287
3288
3285
3285
3286
3286
3287
3289
3291
3292
3293
3295
3295
3293
3293
3296
3295
3294
3293
3294
3295
3295
3295
3295
3294
3288
3288
3286
3283
3282
3282
3282
3284
3284
3284
3285
3285
3285
3286
3290
3291
3292
3293
3293
3292
3292
3296
3296
3295
3294
3294
3292
3290
3289
3291
3290
3287
3288
3289
3289
3289
3288
3287
3287
3287
3288
3289
3289
3288
3289
3291
3290
3292
3294
3290
3290
3290
3290
3291
3289
3290
3290
3291
3293
3292
3293
3293
3293
3294
3294
3294
3294
3292
3293
3293
3294
3294
3294
3295
3296
3296
3299
3297
3301
3300
3301
3302
3303
3307
3308
3310
3310
3310
3307
3307
3308
3308
3307
3308
3308
3307
3307
3308
3308
3308
3307
3307
3312
3311
3311
3312
3312
3313
3316
3315
3316
3316
3316
3317
3319
3321
3321
3324
3324
3324
3321
3321
3321
3320
3320
3321
3329
3330
3328
3330
3332
3332
3333
3334
3332
3335
3334
3332
3332
3334
3335
3332
3329
3329
3328
3326
3330
3331
3331
3331
3332
3333
3333
3332
3330
3330
3331
3333
3334
3334
3333
3334
3332
3334
3338
3339
3339
3339
3336
3335
3333
3331
3337
3341
3339
3339
3340
3341
3342
3342
3342
3340
3340
3340
3339
3338
3338
3338
3343
3341
3345
3346
3346
3351
3351
3351
3351
3356
3355
3357
3357
3357
3357
3358
3358
3356
3364
3363
3364
3363
3363
3363
3364
3363
3364
3368
3370
3373
3373
3377
3378
3379
3376
3375
3375
3377
3378
3379
3379
3380
3383
3383
3383
3383
3383
3383
3382
3382
3384
3385
3383
3381
3385
3387
3386
3386
3390
3391
3394
3394
3395
3395
3396
3396
3397
3397
3396
3399
3400
3401
3401
3402
3401
3402
3401
3402
3403
3402
3401
3402
3406
3405
3405
3404
3404
3404
3404
3402
3402
3402
3402
3402
3402
3404
3406
3405
3404
3404
3405
3405
3405
3406
3406
3406
3408
3408
3411
